{
  "HomePosition": {
    "X": 480.994873,
    "Y": 16.045927,
    "Z": 1661.70337
  },
  "level": 82,
  "exp": 533219.0,
  "nextLevelAt": 553008.0
}